Play: 288.000000 256.000000
HowToPlay: 288.000000 320.000000
Quit: 288.000000 448.000000
Load: 288.000000 384.000000
Title: 224.000000 0.000000
